1 1 3 322.00
1 2 3 318.00
1 3 3 329.00
1 4 3 319.00
1 5 3 321.00
1 6 3 318.00
1 7 3 320.00
1 8 3 320.00
1 9 3 322.00
1 10 3 315.00
1 11 3 321.00
1 12 3 328.00
1 13 3 322.00
1 14 3 319.00
1 15 3 325.00
1 16 3 312.00
1 17 3 327.00
1 18 3 327.00
1 19 3 321.00
1 20 3 325.00
1 21 3 322.00
1 22 3 316.00
1 23 3 330.00
1 24 3 327.00
2 1 3 329.00
2 2 3 324.00
2 3 3 321.00
2 4 3 313.00
2 5 3 327.00
2 6 3 313.00
2 7 3 327.00
2 8 3 311.00
2 9 3 314.00
2 10 3 316.00
2 11 3 314.00
2 12 3 317.00
2 13 3 312.00
2 14 3 330.00
2 15 3 318.00
2 16 3 330.00
2 17 3 310.00
2 18 3 328.00
2 19 3 327.00
2 20 3 330.00
2 21 3 330.00
2 22 3 314.00
2 23 3 317.00
2 24 3 327.00
3 1 3 314.00
3 2 3 312.00
3 3 3 314.00
3 4 3 320.00
3 5 3 310.00
3 6 3 311.00
3 7 3 324.00
3 8 3 317.00
3 9 3 316.00
3 10 3 321.00
3 11 3 328.00
3 12 3 329.00
3 13 3 320.00
3 14 3 321.00
3 15 3 312.00
3 16 3 310.00
3 17 3 324.00
3 18 3 315.00
3 19 3 313.00
3 20 3 324.00
3 21 3 330.00
3 22 3 316.00
3 23 3 322.00
3 24 3 327.00
4 1 3 316.00
4 2 3 325.00
4 3 3 311.00
4 4 3 319.00
4 5 3 310.00
4 6 3 319.00
4 7 3 318.00
4 8 3 326.00
4 9 3 313.00
4 10 3 322.00
4 11 3 321.00
4 12 3 328.00
4 13 3 330.00
4 14 3 315.00
4 15 3 312.00
4 16 3 325.00
4 17 3 323.00
4 18 3 319.00
4 19 3 318.00
4 20 3 312.00
4 21 3 324.00
4 22 3 310.00
4 23 3 327.00
4 24 3 326.00
5 1 3 327.00
5 2 3 328.00
5 3 3 313.00
5 4 3 318.00
5 5 3 315.00
5 6 3 325.00
5 7 3 327.00
5 8 3 314.00
5 9 3 328.00
5 10 3 311.00
5 11 3 323.00
5 12 3 313.00
5 13 3 329.00
5 14 3 325.00
5 15 3 313.00
5 16 3 315.00
5 17 3 327.00
5 18 3 321.00
5 19 3 325.00
5 20 3 323.00
5 21 3 318.00
5 22 3 320.00
5 23 3 329.00
5 24 3 327.00
6 1 3 328.00
6 2 3 328.00
6 3 3 330.00
6 4 3 316.00
6 5 3 330.00
6 6 3 323.00
6 7 3 317.00
6 8 3 321.00
6 9 3 317.00
6 10 3 326.00
6 11 3 316.00
6 12 3 329.00
6 13 3 329.00
6 14 3 328.00
6 15 3 323.00
6 16 3 320.00
6 17 3 329.00
6 18 3 329.00
6 19 3 316.00
6 20 3 323.00
6 21 3 311.00
6 22 3 315.00
6 23 3 312.00
6 24 3 319.00
7 1 3 318.00
7 2 3 313.00
7 3 3 330.00
7 4 3 330.00
7 5 3 310.00
7 6 3 327.00
7 7 3 312.00
7 8 3 319.00
7 9 3 327.00
7 10 3 323.00
7 11 3 326.00
7 12 3 317.00
7 13 3 324.00
7 14 3 323.00
7 15 3 319.00
7 16 3 313.00
7 17 3 326.00
7 18 3 317.00
7 19 3 327.00
7 20 3 319.00
7 21 3 316.00
7 22 3 330.00
7 23 3 313.00
7 24 3 324.00
8 1 3 326.00
8 2 3 319.00
8 3 3 314.00
8 4 3 314.00
8 5 3 314.00
8 6 3 313.00
8 7 3 329.00
8 8 3 314.00
8 9 3 330.00
8 10 3 316.00
8 11 3 327.00
8 12 3 311.00
8 13 3 326.00
8 14 3 322.00
8 15 3 328.00
8 16 3 321.00
8 17 3 330.00
8 18 3 325.00
8 19 3 314.00
8 20 3 313.00
8 21 3 325.00
8 22 3 327.00
8 23 3 328.00
8 24 3 318.00
9 1 3 324.00
9 2 3 314.00
9 3 3 318.00
9 4 3 320.00
9 5 3 329.00
9 6 3 327.00
9 7 3 319.00
9 8 3 312.00
9 9 3 325.00
9 10 3 319.00
9 11 3 315.00
9 12 3 317.00
9 13 3 326.00
9 14 3 311.00
9 15 3 314.00
9 16 3 321.00
9 17 3 321.00
9 18 3 322.00
9 19 3 323.00
9 20 3 314.00
9 21 3 314.00
9 22 3 314.00
9 23 3 328.00
9 24 3 318.00
10 1 3 322.00
10 2 3 315.00
10 3 3 311.00
10 4 3 324.00
10 5 3 322.00
10 6 3 322.00
10 7 3 321.00
10 8 3 312.00
10 9 3 320.00
10 10 3 328.00
10 11 3 313.00
10 12 3 317.00
10 13 3 327.00
10 14 3 320.00
10 15 3 326.00
10 16 3 310.00
10 17 3 321.00
10 18 3 322.00
10 19 3 316.00
10 20 3 330.00
10 21 3 327.00
10 22 3 310.00
10 23 3 311.00
10 24 3 310.00
11 1 3 328.00
11 2 3 326.00
11 3 3 317.00
11 4 3 319.00
11 5 3 321.00
11 6 3 321.00
11 7 3 316.00
11 8 3 321.00
11 9 3 322.00
11 10 3 316.00
11 11 3 328.00
11 12 3 326.00
11 13 3 328.00
11 14 3 318.00
11 15 3 330.00
11 16 3 327.00
11 17 3 317.00
11 18 3 326.00
11 19 3 329.00
11 20 3 325.00
11 21 3 325.00
11 22 3 316.00
11 23 3 327.00
11 24 3 328.00
12 1 3 319.00
12 2 3 322.00
12 3 3 326.00
12 4 3 319.00
12 5 3 322.00
12 6 3 328.00
12 7 3 312.00
12 8 3 328.00
12 9 3 329.00
12 10 3 325.00
12 11 3 319.00
12 12 3 319.00
12 13 3 325.00
12 14 3 329.00
12 15 3 319.00
12 16 3 323.00
12 17 3 322.00
12 18 3 324.00
12 19 3 317.00
12 20 3 318.00
12 21 3 315.00
12 22 3 310.00
12 23 3 327.00
12 24 3 317.00
13 1 3 328.00
13 2 3 310.00
13 3 3 312.00
13 4 3 311.00
13 5 3 315.00
13 6 3 327.00
13 7 3 326.00
13 8 3 315.00
13 9 3 316.00
13 10 3 324.00
13 11 3 329.00
13 12 3 321.00
13 13 3 328.00
13 14 3 314.00
13 15 3 311.00
13 16 3 312.00
13 17 3 311.00
13 18 3 317.00
13 19 3 318.00
13 20 3 325.00
13 21 3 314.00
13 22 3 323.00
13 23 3 330.00
13 24 3 330.00
14 1 3 319.00
14 2 3 318.00
14 3 3 328.00
14 4 3 313.00
14 5 3 316.00
14 6 3 327.00
14 7 3 326.00
14 8 3 329.00
14 9 3 329.00
14 10 3 314.00
14 11 3 311.00
14 12 3 323.00
14 13 3 314.00
14 14 3 316.00
14 15 3 324.00
14 16 3 310.00
14 17 3 326.00
14 18 3 315.00
14 19 3 329.00
14 20 3 330.00
14 21 3 317.00
14 22 3 317.00
14 23 3 315.00
14 24 3 322.00
15 1 3 311.00
15 2 3 324.00
15 3 3 323.00
15 4 3 321.00
15 5 3 326.00
15 6 3 330.00
15 7 3 313.00
15 8 3 318.00
15 9 3 330.00
15 10 3 314.00
15 11 3 311.00
15 12 3 330.00
15 13 3 318.00
15 14 3 313.00
15 15 3 328.00
15 16 3 320.00
15 17 3 311.00
15 18 3 328.00
15 19 3 316.00
15 20 3 325.00
15 21 3 322.00
15 22 3 319.00
15 23 3 312.00
15 24 3 317.00
16 1 3 311.00
16 2 3 327.00
16 3 3 312.00
16 4 3 317.00
16 5 3 312.00
16 6 3 316.00
16 7 3 326.00
16 8 3 310.00
16 9 3 325.00
16 10 3 319.00
16 11 3 326.00
16 12 3 312.00
16 13 3 327.00
16 14 3 317.00
16 15 3 324.00
16 16 3 316.00
16 17 3 317.00
16 18 3 318.00
16 19 3 313.00
16 20 3 313.00
16 21 3 321.00
16 22 3 327.00
16 23 3 321.00
16 24 3 326.00
17 1 3 330.00
17 2 3 313.00
17 3 3 328.00
17 4 3 315.00
17 5 3 324.00
17 6 3 311.00
17 7 3 330.00
17 8 3 319.00
17 9 3 325.00
17 10 3 327.00
17 11 3 321.00
17 12 3 322.00
17 13 3 324.00
17 14 3 324.00
17 15 3 325.00
17 16 3 316.00
17 17 3 325.00
17 18 3 330.00
17 19 3 326.00
17 20 3 318.00
17 21 3 328.00
17 22 3 322.00
17 23 3 320.00
17 24 3 318.00
18 1 3 325.00
18 2 3 318.00
18 3 3 318.00
18 4 3 317.00
18 5 3 327.00
18 6 3 325.00
18 7 3 317.00
18 8 3 327.00
18 9 3 316.00
18 10 3 330.00
18 11 3 314.00
18 12 3 316.00
18 13 3 311.00
18 14 3 316.00
18 15 3 329.00
18 16 3 316.00
18 17 3 324.00
18 18 3 323.00
18 19 3 329.00
18 20 3 311.00
18 21 3 327.00
18 22 3 318.00
18 23 3 325.00
18 24 3 315.00
19 1 3 312.00
19 2 3 325.00
19 3 3 323.00
19 4 3 310.00
19 5 3 328.00
19 6 3 310.00
19 7 3 315.00
19 8 3 313.00
19 9 3 320.00
19 10 3 312.00
19 11 3 314.00
19 12 3 315.00
19 13 3 314.00
19 14 3 327.00
19 15 3 319.00
19 16 3 326.00
19 17 3 320.00
19 18 3 327.00
19 19 3 326.00
19 20 3 326.00
19 21 3 319.00
19 22 3 329.00
19 23 3 310.00
19 24 3 319.00
20 1 3 324.00
20 2 3 318.00
20 3 3 317.00
20 4 3 310.00
20 5 3 319.00
20 6 3 327.00
20 7 3 315.00
20 8 3 323.00
20 9 3 321.00
20 10 3 323.00
20 11 3 324.00
20 12 3 321.00
20 13 3 313.00
20 14 3 314.00
20 15 3 321.00
20 16 3 319.00
20 17 3 317.00
20 18 3 310.00
20 19 3 314.00
20 20 3 312.00
20 21 3 330.00
20 22 3 329.00
20 23 3 313.00
20 24 3 323.00
21 1 3 329.00
21 2 3 319.00
21 3 3 315.00
21 4 3 325.00
21 5 3 328.00
21 6 3 327.00
21 7 3 330.00
21 8 3 320.00
21 9 3 314.00
21 10 3 310.00
21 11 3 312.00
21 12 3 321.00
21 13 3 328.00
21 14 3 327.00
21 15 3 316.00
21 16 3 310.00
21 17 3 319.00
21 18 3 330.00
21 19 3 318.00
21 20 3 322.00
21 21 3 318.00
21 22 3 319.00
21 23 3 324.00
21 24 3 319.00
22 1 3 318.00
22 2 3 327.00
22 3 3 316.00
22 4 3 314.00
22 5 3 318.00
22 6 3 328.00
22 7 3 326.00
22 8 3 329.00
22 9 3 330.00
22 10 3 316.00
22 11 3 318.00
22 12 3 329.00
22 13 3 322.00
22 14 3 316.00
22 15 3 328.00
22 16 3 330.00
22 17 3 317.00
22 18 3 318.00
22 19 3 329.00
22 20 3 315.00
22 21 3 313.00
22 22 3 313.00
22 23 3 323.00
22 24 3 328.00
23 1 3 324.00
23 2 3 313.00
23 3 3 323.00
23 4 3 319.00
23 5 3 314.00
23 6 3 325.00
23 7 3 310.00
23 8 3 330.00
23 9 3 312.00
23 10 3 316.00
23 11 3 322.00
23 12 3 310.00
23 13 3 317.00
23 14 3 315.00
23 15 3 310.00
23 16 3 310.00
23 17 3 322.00
23 18 3 329.00
23 19 3 315.00
23 20 3 329.00
23 21 3 314.00
23 22 3 321.00
23 23 3 330.00
23 24 3 315.00
24 1 3 313.00
24 2 3 318.00
24 3 3 313.00
24 4 3 320.00
24 5 3 314.00
24 6 3 323.00
24 7 3 328.00
24 8 3 312.00
24 9 3 322.00
24 10 3 312.00
24 11 3 315.00
24 12 3 327.00
24 13 3 326.00
24 14 3 320.00
24 15 3 312.00
24 16 3 329.00
24 17 3 311.00
24 18 3 311.00
24 19 3 317.00
24 20 3 313.00
24 21 3 310.00
24 22 3 312.00
24 23 3 316.00
24 24 3 319.00
25 1 3 312.00
25 2 3 329.00
25 3 3 317.00
25 4 3 311.00
25 5 3 329.00
25 6 3 330.00
25 7 3 311.00
25 8 3 327.00
25 9 3 311.00
25 10 3 316.00
25 11 3 321.00
25 12 3 322.00
25 13 3 328.00
25 14 3 321.00
25 15 3 321.00
25 16 3 322.00
25 17 3 320.00
25 18 3 310.00
25 19 3 320.00
25 20 3 317.00
25 21 3 327.00
25 22 3 326.00
25 23 3 322.00
25 24 3 319.00
26 1 3 329.00
26 2 3 316.00
26 3 3 312.00
26 4 3 325.00
26 5 3 317.00
26 6 3 314.00
26 7 3 311.00
26 8 3 327.00
26 9 3 310.00
26 10 3 325.00
26 11 3 327.00
26 12 3 323.00
26 13 3 324.00
26 14 3 317.00
26 15 3 315.00
26 16 3 313.00
26 17 3 328.00
26 18 3 324.00
26 19 3 311.00
26 20 3 316.00
26 21 3 313.00
26 22 3 327.00
26 23 3 326.00
26 24 3 326.00
27 1 3 312.00
27 2 3 330.00
27 3 3 317.00
27 4 3 324.00
27 5 3 310.00
27 6 3 326.00
27 7 3 326.00
27 8 3 321.00
27 9 3 319.00
27 10 3 319.00
27 11 3 329.00
27 12 3 317.00
27 13 3 330.00
27 14 3 321.00
27 15 3 323.00
27 16 3 313.00
27 17 3 325.00
27 18 3 328.00
27 19 3 324.00
27 20 3 320.00
27 21 3 315.00
27 22 3 326.00
27 23 3 325.00
27 24 3 311.00
28 1 3 320.00
28 2 3 314.00
28 3 3 312.00
28 4 3 311.00
28 5 3 318.00
28 6 3 317.00
28 7 3 319.00
28 8 3 318.00
28 9 3 317.00
28 10 3 325.00
28 11 3 314.00
28 12 3 327.00
28 13 3 320.00
28 14 3 317.00
28 15 3 321.00
28 16 3 317.00
28 17 3 318.00
28 18 3 330.00
28 19 3 313.00
28 20 3 311.00
28 21 3 326.00
28 22 3 315.00
28 23 3 319.00
28 24 3 312.00
29 1 3 321.00
29 2 3 314.00
29 3 3 322.00
29 4 3 310.00
29 5 3 313.00
29 6 3 316.00
29 7 3 322.00
29 8 3 323.00
29 9 3 316.00
29 10 3 310.00
29 11 3 322.00
29 12 3 320.00
29 13 3 328.00
29 14 3 327.00
29 15 3 322.00
29 16 3 320.00
29 17 3 327.00
29 18 3 321.00
29 19 3 319.00
29 20 3 319.00
29 21 3 315.00
29 22 3 315.00
29 23 3 327.00
29 24 3 320.00
